//        1    d    +    -    *    /    >    <    =    !    &    |    .    ,    ;    ?    #    $    "    :   eb   rt   nl  tab  eof   oc    (    )
//        0    1    2    3    4    5    6    7    8    9   10   11   12   13   14   15   16   17   18   19   20   21   22   23   24   25   26   27
/*0*/  {  1,   2, 103, 104, 105,   5,   8,   9,  10,  11,  12,  13, 116, 117, 118, 119, 126, 127,  14,  15,   0,   0,   0,   0,   0, 506, 132, 133},
/*1*/  {  1,   1, 100, 100, 100, 100, 100, 100, 100, 100, 100, 100, 100, 100, 100, 100, 100, 100, 100, 100, 100, 100, 100, 100, 100, 100, 100, 100},
/*2*/  {101,   2, 101, 101, 101, 101, 101, 101, 101, 101, 101, 101,   3, 101, 101, 101, 101, 101, 101, 101, 101, 101, 101, 101, 101, 101, 101, 101},
/*3*/  {500,   4, 500, 500, 500, 500, 500, 500, 500, 500, 500, 500, 500, 500, 500, 500, 500, 500, 500, 500, 500, 500, 500, 500, 500, 500, 500, 500},
/*4*/  {102,   4, 102, 102, 102, 102, 102, 102, 102, 102, 102, 102, 102, 102, 102, 102, 102, 102, 102, 102, 102, 102, 102, 102, 102, 102, 102, 102},
/*5*/  {106, 106, 106, 106,   6,  16, 106, 106, 106, 106, 106, 106, 106, 106, 106, 106, 106, 106, 106, 106, 106, 106, 106, 106, 106, 106, 106, 106},
/*6*/  {  6,   6,   6,   6,   7,   6,   6,   6,   6,   6,   6,   6,   6,   6,   6,   6,   6,   6,   6,   6,   6,   6,   6,   6, 501, 501,   6,   6},
/*7*/  {  6,   6,   6,   6,   6,   0,   6,   6,   6,   6,   6,   6,   6,   6,   6,   6,   6,   6,   6,   6,   6,   6,   6,   6, 501, 501,   6,   6},
/*8*/  {107, 107, 107, 107, 107, 107, 107, 107, 110, 107, 107, 107, 107, 107, 107, 107, 107, 107, 107, 107, 107, 107, 107, 107, 107, 107, 107, 107},
/*9*/  {108, 108, 108, 108, 108, 108, 134, 108, 111, 108, 108, 108, 108, 108, 108, 108, 108, 108, 108, 108, 108, 108, 108, 108, 108, 108, 108, 108},
/*10*/ {502, 502, 502, 502, 502, 502, 502, 502, 109, 502, 502, 502, 502, 502, 502, 502, 502, 502, 502, 502, 502, 502, 502, 502, 502, 502, 502, 502},
/*11*/ {115, 115, 115, 115, 115, 115, 115, 115, 112, 115, 115, 115, 115, 115, 115, 115, 115, 115, 115, 115, 115, 115, 115, 115, 115, 115, 115, 115},
/*12*/ {503, 503, 503, 503, 503, 503, 503, 503, 503, 503, 113, 503, 503, 503, 503, 503, 503, 503, 503, 503, 503, 503, 503, 503, 503, 503, 503, 503},
/*13*/ {504, 504, 504, 504, 504, 504, 504, 504, 504, 504, 504, 114, 504, 504, 504, 504, 504, 504, 504, 504, 504, 504, 504, 504, 504, 504, 504, 504},
/*14*/ { 14,  14,  14,  14,  14,  14,  14,  14,  14,  14,  14,  14,  14,  14,  14,  14,  14,  14, 128,  14,  14, 507, 507,  14, 501,  14,  14,  14},
/*15*/ {131, 131, 131, 131, 131, 131, 131, 131, 130, 131, 131, 131, 131, 131, 131, 131, 131, 131, 131, 131, 131, 131, 131, 131, 131, 131, 131, 131},
/*16*/ { 16,  16,  16,  16,  16,  16,  16,  16,  16,  16,  16,  16,  16,  16,  16,  16,  16,  16,  16,  16,  16,  16,   0,  16,  16,  16,  16,  16}